4294967278,134
4294967279,134
4294967278,133
4294967279,133
4294967294,77
4294967294,76
4294967294,75
4294967294,74
4294967294,73
4294967294,72
4294967294,71
4294967294,52
4294967294,51
4294967294,415
4294967294,384
4294967294,50
4294967294,48
4294967294,47
4294967294,45
4294967294,438
4294967294,396
4294967294,395
4294967294,44
4294967294,386
4294967294,385
4294967294,429
4294967294,43
4294967294,419
4294967294,1148
4294967294,111
4294967294,42
4294967294,41
4294967294,40
4294967294,39
4294967294,38
4294967294,37
4294967294,36
4294967294,35
4294967294,316
4294967294,391
4294967294,390
4294967294,403
4294967294,29
4294967294,183
4294967294,314
4294967294,184
4294967294,393
4294967294,28
4294967294,173
4294967294,189
4294967294,416
4294967294,909
4294967294,27
4294967294,897
4294967294,181
4294967294,411
4294967294,902
4294967294,26
4294967294,450
4294967294,463
4294967294,104
4294967294,397
4294967294,456
4294967294,461
4294967294,25
4294967294,161
4294967294,162
4294967294,387
4294967294,24
4294967294,17
4294967294,16
4294967294,15
4294967294,93
4294967294,92
4294967294,91
4294967294,89
4294967294,90
4294967294,67
4294967294,66
4294967294,46
4294967294,65
4294967294,346
4294967294,345
4294967294,344
4294967294,343
4294967294,342
4294967294,340
4294967294,341
4294967294,339
4294967294,338
4294967294,337
4294967294,336
4294967294,335
4294967294,334
4294967294,333
4294967294,332
4294967294,331
4294967294,330
4294967294,2
4294967294,1
4294967294,4
4294967294,0
0,0
4294967278,132
4294967278,131
4294967278,130
4294967278,129
4294967278,128
4294967278,127
4294967278,126
4294967278,125
4294967278,124
4294967278,123
4294967278,122
4294967278,121
4294967278,120
4294967278,119
4294967278,118
4294967278,117
4294967278,116
4294967278,115
4294967278,114
4294967278,113
4294967278,112
4294967278,111
4294967278,110
4294967278,109
4294967278,108
4294967278,107
4294967278,106
4294967278,105
4294967278,104
4294967278,103
4294967278,102
4294967278,101
4294967278,100
4294967278,99
4294967278,98
4294967278,97
4294967278,96
4294967278,95
4294967278,94
4294967278,93
4294967278,92
4294967278,91
4294967278,90
4294967278,89
4294967278,88
4294967278,87
4294967278,86
4294967278,85
4294967278,84
4294967278,83
4294967278,82
4294967278,81
4294967278,80
4294967278,79
4294967278,78
4294967278,77
4294967278,76
4294967278,75
4294967278,74
4294967278,73
4294967278,72
4294967278,71
4294967278,70
4294967278,69
4294967278,68
4294967278,67
4294967278,66
4294967278,65
4294967278,64
4294967278,63
4294967278,62
4294967278,61
4294967278,60
4294967278,59
4294967278,58
4294967278,57
4294967278,56
4294967278,55
4294967278,54
4294967278,53
4294967278,52
4294967278,51
4294967278,50
4294967278,49
4294967278,48
